h 	 FE 	 M 	 TPC 	 BE 	 T 

0.25 	 154143977.3242569 	 641279135547821.5 	 1273034496965597.5 	 0.24872239798412277 	 0.2488106299355246 

0.125 	 551910649.7221924 	 58600573635964.414 	 116733209813043.5 	 0.1249571730494394 	 0.12487089961962893 

0.0625 	 0.06254917522453679 	 0.06561593275248202 	 0.06879957927812569 	 0.06250581120521012 	 0.06246252010852926 

0.03125 	 0.031247908744388576 	 0.03125836898519061 	 0.03126249609001402 	 0.03126683527535244 	 0.031245177990919283 

0.015625 	 0.015621705069808985 	 0.015626619488041206 	 0.015626422624488878 	 0.015634990922414622 	 0.015624161646442977 

0.0078125 	 0.007810052067453039 	 0.007812819637403073 	 0.00781282829624408 	 0.007817682275269286 	 0.007812264986345937 

